1.
Best individual is ['rbf', 2.321587440185521, 1.5110945670454616, 0.14031026698798563, 2.9075581488672935], (0.8166666666666668,)
Algorithm time 348.6956834793091 
2.


StratifiedKFold

Best individual is ['poly', 8.432976219489278, 2.640482789091711, 0.04486079074209589, 7.892747656804951, 1, 0, 1, 0, 1, 1, 0, 1, 0, 0, 0, 1, 1, 0, 1, 1, 1, 1, 0, 1, 1, 0, 1, 1, 0, 0, 0, 0, 
1, 1, 1, 0, 0, 1, 0, 1, 1, 1, 0, 0, 0, 0, 0, 0, 0], (0.7958333333333333,)   
Algorithm time 304.83393454551697 

Best individual is ['rbf', 2.114455349097235, 4.659748631973697, 0.18532124742853032, 7.943487094559929, 1, 1, 0, 
1, 0, 1, 1, 1, 0, 0, 0, 0, 0, 0, 1, 1, 0, 0, 0, 0, 1, 1, 1, 1, 0, 0, 0, 0, 0, 0, 1, 1, 1, 1, 1, 1, 0, 0, 0, 0, 0, 
1, 0, 0, 0], (0.8125,)
Algorithm time 331.6619849205017


StratifiedShuffleSplit

Best individual is ['rbf', 45.94059508486719, 1.8412619834447321, 2.1050486721323467, 4.412870203630242, 0, 0, 0, 
1, 1, 0, 1, 0, 0, 1, 1, 1, 1, 1, 0, 1, 1, 0, 0, 0, 1, 0, 0, 0, 0, 0, 1, 1, 0, 1, 0, 0, 0, 1, 1, 0, 0, 0, 1, 1, 1, 
1, 0, 1, 1], (0.9583333333333334,)    
Algorithm time 487.08640575408936

KFold

Best individual is ['rbf', 1.0704736231399463, 1.1036064578678373, 0.8525773457396459, 7.282304829939392, 1, 0, 0, 1, 0, 0, 0, 1, 0, 0, 0, 0, 
1, 1, 1, 0, 0, 0, 1, 1, 0, 1, 1, 0, 0, 0, 0, 0, 1, 0, 1, 1, 1, 0, 0, 1, 0, 0, 0, 1, 0, 0, 0, 0, 0], (0.725,)
Algorithm time 366.2968719005585

ShuffleSplit

Best individual is ['rbf', 12.246282957119076, 1.387450221461144, 1.58697245616448, 9.912485923962533, 1, 1, 0, 1, 0, 0, 0, 1, 1, 1, 1, 1, 1, 
0, 0, 0, 0, 1, 0, 1, 0, 0, 0, 0, 1, 0, 0, 1, 0, 0, 0, 0, 1, 1, 1, 0, 0, 1, 1, 0, 1, 0, 0, 1, 0], (0.9666666666666666,)
Algorithm time 481.6971595287323


